"RegsAndEntries","Steps","Result","Time"
4,8,SAT,1185
4,12,SAT,2041
4,16,SAT,2977
4,20,SAT,8791
4,24,SAT,10959
4,28,SAT,12019
4,32,SAT,21402
4,36,SAT,38745
4,40,SAT,51473
4,44,SAT,104576
4,48,SAT,109545
4,52,SAT,114025
4,56,SAT,159862
4,60,SAT,224903
8,8,SAT,5735
8,12,SAT,6739
8,16,SAT,11778
8,20,SAT,25394
8,24,SAT,45047
8,28,SAT,47427
8,32,SAT,146205
8,36,SAT,136031
8,40,SAT,134699
12,8,SAT,9628
12,12,SAT,13213
12,16,SAT,27967
12,20,SAT,49930
12,24,SAT,45087
16,8,SAT,17076
16,12,SAT,20742
16,16,SAT,46091
16,20,SAT,162631
20,8,SAT,7343
20,12,SAT,64614
20,16,SAT,189752
20,20,SAT,206643
24,8,SAT,69620
24,12,SAT,53841
24,16,SAT,265787
28,8,SAT,84711
28,12,SAT,106259
32,8,SAT,180846
32,12,SAT,264862
36,8,SAT,119603
