"RegsAndEntries","Steps","Result","Time"
4,8,SAT,1065
4,12,SAT,1843
4,16,SAT,3323
4,20,SAT,6355
4,24,SAT,12176
4,28,SAT,14802
4,32,SAT,25156
4,36,SAT,31388
4,40,SAT,53508
4,44,SAT,67302
4,48,SAT,73663
4,52,SAT,107376
4,56,SAT,170879
4,60,SAT,184762
4,64,SAT,260715
8,8,SAT,1921
8,12,SAT,3746
8,16,SAT,7322
8,20,SAT,17962
8,24,SAT,25030
8,28,SAT,73000
8,32,SAT,89805
8,36,SAT,101128
8,40,SAT,128571
8,44,SAT,291300
12,8,SAT,3192
12,12,SAT,6217
12,16,SAT,25370
12,20,SAT,33448
12,24,SAT,96408
12,28,SAT,130370
12,32,SAT,152866
16,8,SAT,5026
16,12,SAT,19376
16,16,SAT,29754
16,20,SAT,70076
16,24,SAT,125202
16,28,SAT,223696
16,32,SAT,207187
20,8,SAT,15570
20,12,SAT,25628
20,16,SAT,39195
20,20,SAT,117284
20,24,SAT,251769
24,8,SAT,15949
24,12,SAT,25282
24,16,SAT,73799
24,20,SAT,283355
28,8,SAT,17077
28,12,SAT,55032
28,16,SAT,241302
28,20,SAT,254156
32,8,SAT,25468
32,12,SAT,78182
32,16,SAT,117375
32,20,SAT,287421
36,8,SAT,78859
36,12,SAT,55495
36,16,SAT,151938
40,8,SAT,91835
40,12,SAT,71950
44,8,SAT,64202
44,12,SAT,89136
48,8,SAT,140455
48,12,SAT,231377
52,8,SAT,197418
52,12,SAT,181684
56,8,SAT,114102
56,12,SAT,289115
60,8,SAT,83802
64,8,SAT,126733
68,8,SAT,173101
72,8,SAT,259700
76,8,SAT,285273
80,8,SAT,299113
